[gd_scene format=3 uid="uid://0ajaxq0cjqar"]

[ext_resource type="Script" uid="uid://d2hujjwkl3s4a" path="res://levels/Level.gd" id="1_lev99"]
[ext_resource type="PackedScene" uid="uid://gate123" path="res://CheckpointGate.tscn" id="2_gate"]
[ext_resource type="Script" uid="uid://cpx88edmwbon1" path="res://addons/GodotWeatherSystem/scripts/SeasonResource.gd" id="3_jpwbr"]
[ext_resource type="Script" uid="uid://ct8ssg1fuina4" path="res://addons/GodotWeatherSystem/scripts/SkyColourResource.gd" id="4_kr1e0"]
[ext_resource type="Script" uid="uid://c0bu4su5psbae" path="res://addons/GodotWeatherSystem/scripts/WeatherOccurrenceResource.gd" id="5_yr3df"]
[ext_resource type="Resource" uid="uid://bbtqdfvkjixub" path="res://addons/GodotWeatherSystem/weather/clouded.tres" id="6_jpwbr"]
[ext_resource type="Script" uid="uid://b2sbc4x8rba5g" path="res://TerrainGenerator.gd" id="7_gen"]
[ext_resource type="ArrayMesh" uid="uid://mgns71ctlp23" path="res://generated/canyon_terrain_visual.res" id="10_lbtjd"]
[ext_resource type="Shape3D" uid="uid://b7wtoffkietvo" path="res://generated/canyon_terrain_collision_shape.res" id="11_sm0fw"]
[ext_resource type="ArrayMesh" uid="uid://joyfl5gounkf" path="res://generated/canyon_Visual_Road.res" id="15_8vqih"]
[ext_resource type="ArrayMesh" uid="uid://bs3vbq4m43ju7" path="res://generated/canyon_Visual_Road_Sides.res" id="16_3nnro"]
[ext_resource type="Shape3D" uid="uid://cfaps26lij1cf" path="res://generated/canyon_track_collision_shape.res" id="17_r6i1u"]
[ext_resource type="Shape3D" uid="uid://dg073o5wtc6am" path="res://generated/canyon_Visual_Road_Sides_collision_shape.res" id="18_623mb"]
[ext_resource type="PackedScene" uid="uid://clxv8p6x0y6k2" path="res://SpawnIndicator.tscn" id="21_623mb"]
[ext_resource type="PackedScene" uid="uid://da2i62hjyc1cp" path="res://addons/GodotWeatherSystem/weather_controller.tscn" id="31_weather"]
[ext_resource type="Texture2D" uid="uid://dhsschxi0y6sm" path="res://materials/dirt.png" id="dirt_albedo"]
[ext_resource type="Texture2D" uid="uid://2aocgbfau8se" path="res://materials/dirt_normal.png" id="dirt_normal"]
[ext_resource type="Texture2D" uid="uid://c45b43y4vhj0d" path="res://materials/dark_canyon_rock.png" id="rock_albedo"]
[ext_resource type="Texture2D" uid="uid://b4j07jck2kec0" path="res://materials/dark_canyon_rock_normal.png" id="rock_normal"]
[ext_resource type="Shader" uid="uid://ionm7cyho23g" path="res://terrain_stochastic.gdshader" id="Shader_stochastic_file"]

[sub_resource type="Curve" id="Curve_8bl6p"]
_data = [Vector2(0, 0), 0.0, 0.0, 0, 0, Vector2(0.0464286, 0), 0.0, 0.0, 0, 0, Vector2(0.107143, 0.0367036), 0.303207, 0.303207, 0, 0, Vector2(0.425, 1), 0.0, 0.0, 0, 0, Vector2(0.571429, 1), 0.0, 0.0, 0, 0, Vector2(0.896429, 0.0277009), 0.0, 0.0, 0, 0, Vector2(0.960714, 0), 0.0, 0.0, 0, 0, Vector2(1, 0), 0.0, 0.0, 0, 0]
point_count = 8

[sub_resource type="Resource" id="Resource_ext2d"]
script = ExtResource("4_kr1e0")

[sub_resource type="Resource" id="Resource_p7jpd"]
script = ExtResource("4_kr1e0")
skyColour = Color(0, 0.00784314, 0.105882, 1)
horizonColour = Color(0.0784314, 0.00784314, 0.0156863, 1)
groundColour = Color(0, 0, 0, 1)
cloudBrightness = 0.05

[sub_resource type="Resource" id="Resource_urxhk"]
script = ExtResource("5_yr3df")
weather = ExtResource("6_jpwbr")

[sub_resource type="Resource" id="Resource_k6srj"]
script = ExtResource("3_jpwbr")
seasonId = "summer"
weathers = Array[ExtResource("5_yr3df")]([SubResource("Resource_urxhk")])
skyColourDaytime = SubResource("Resource_ext2d")
skyColourNight = SubResource("Resource_p7jpd")
dayNightCycleCurve = SubResource("Curve_8bl6p")

[sub_resource type="ShaderMaterial" id="ShaderMaterial_grass"]
render_priority = 0
shader = ExtResource("Shader_stochastic_file")
shader_parameter/albedo_texture = ExtResource("rock_albedo")
shader_parameter/albedo = Color(0.55, 0.5, 0.5, 1)
shader_parameter/uv_scale = 0.4
shader_parameter/uv_scale_v2 = Vector2(1, 1)
shader_parameter/smoothness = 1.0
shader_parameter/use_world_uv = false
shader_parameter/use_normal_map = true
shader_parameter/normal_texture = ExtResource("rock_normal")
shader_parameter/normal_scale = 2.0

[sub_resource type="ShaderMaterial" id="ShaderMaterial_asphalt"]
render_priority = 0
shader = ExtResource("Shader_stochastic_file")
shader_parameter/albedo_texture = ExtResource("dirt_albedo")
shader_parameter/albedo = Color(0.7, 0.7, 0.7, 1)
shader_parameter/uv_scale = 10.0
shader_parameter/uv_scale_v2 = Vector2(0.125, 0.125)
shader_parameter/smoothness = 1.0
shader_parameter/use_world_uv = true
shader_parameter/use_normal_map = true
shader_parameter/normal_texture = ExtResource("dirt_normal")
shader_parameter/normal_scale = 1.2

[sub_resource type="ShaderMaterial" id="ShaderMaterial_urxhk"]
render_priority = 0
shader = ExtResource("Shader_stochastic_file")
shader_parameter/albedo_texture = ExtResource("dirt_albedo")
shader_parameter/albedo = Color(0.7, 0.7, 0.7, 1)
shader_parameter/uv_scale = 10.0
shader_parameter/uv_scale_v2 = Vector2(0.125, 0.125)
shader_parameter/smoothness = 1.0
shader_parameter/use_world_uv = true
shader_parameter/use_normal_map = true
shader_parameter/normal_texture = ExtResource("dirt_normal")
shader_parameter/normal_scale = 1.2

[sub_resource type="StandardMaterial3D" id="StandardMaterial3D_k6srj"]
albedo_texture = ExtResource("rock_albedo")
roughness = 0.9
normal_enabled = true
normal_scale = 1.5
normal_texture = ExtResource("rock_normal")
uv1_scale = Vector3(0.08, 0.08, 0.08)
uv1_triplanar = true

[sub_resource type="Curve3D" id="Curve3D_track"]
bake_interval = 0.25
_data = {
"points": PackedVector3Array(-6.9364758, -0.26011786, 21.676487, 6.9364758, 0.26011786, -21.676487, 0, 0, 28.646667, -20.994415, -0.87476736, 8.747673, 20.994415, 0.87476736, -8.747673, 60, 2, -25, -19.014212, -0.8005984, 12.50935, 19.014212, 0.8005984, -12.50935, 120, -3, -153, -29.547974, 0, 49.246624, 29.547974, 0, -49.246624, 330.90118, 10, -150, -2.813417, 0.5626834, 25.320753, 2.813417, -0.5626834, -25.320753, 300, 5, -295.16602, 14.669529, 0.5501073, 18.33691, -14.669529, -0.5501073, -18.33691, 280, 4, -420, 23.486368, 0.36132875, 0, -23.486368, -0.36132875, 0, 220, 2, -450, 17.398224, 0, -7.24926, -17.398224, 0, 7.24926, 150, 2, -420, 18.67907, -0.37358138, 2.4905427, -18.67907, 0.37358138, -2.4905427, 100, 2, -400, 28.62789, -1.2723507, 12.723506, -28.62789, 1.2723507, -12.723506, 0, 5, -310.13828, 28.679413, -1.1471765, 12.618942, -28.679413, 1.1471765, -12.618942, -80, 10, -480, 58.47436, -1.5803881, 26.866598, -58.47436, 1.5803881, -26.866598, -250, -6.0592804, -840.324, 45.67443, -0.69203687, 9.688516, -45.67443, 0.69203687, -9.688516, -450, 20, -650, 38.61317, 0.30890536, -26.256958, -38.61317, -0.30890536, 26.256958, -580, 38.93513, -620, 12.240557, 1.3989207, -47.213577, -12.240557, -1.3989207, 47.213577, -700, 18, -480, -26.637243, 1.7758162, -40.843773, 26.637243, -1.7758162, 40.843773, -650, 6, -350, -35.00504, 1.1201612, -35.00504, 35.00504, -1.1201612, 35.00504, -302.73163, 18.882782, -250, -15.213132, -0.6085253, -39.554142, 15.213132, 0.6085253, 39.554142, -400, 4, -100, -8.311017, -0.66488135, -41.555084, 8.311017, 0.66488135, 41.555084, -450, 12, 10, -39.319633, 1.2582283, -45.61078, 39.319633, -1.2582283, 45.61078, -350, 48.553093, 202.3505, -30.686869, 0.61373734, -17.184647, 30.686869, -0.61373734, 17.184647, -200, 4, 300, -35.097622, 0.23398414, 2.3398414, 35.097622, -0.23398414, -2.3398414, -100, 3, 290, -28.31324, 0.3775099, 16.987944, 28.31324, -0.3775099, -16.987944, 100, 2, 280, 13.410624, 0.25144917, 30.1739, -13.410624, -0.25144917, -30.1739, 50, 1, 200, 8.656859, 0.1731372, 34.627438, -8.656859, -0.1731372, -34.627438, 0.45877075, 0.5, 122.46124),
"tilts": PackedFloat32Array(0, 0, 0, 0, 0, 0, 0, 0, 0, 0, 0, 0, 0, 0, 0, 0, 0, 0, 0, 0, 0, 0, 0, 0, 0)
}
point_count = 25

[node name="Level" type="Node3D" unique_id=815155767 node_paths=PackedStringArray("checkpoints", "track_path")]
script = ExtResource("1_lev99")
checkpoints = [NodePath("Checkpoints/Halfway4"), NodePath("Checkpoints/Halfway3"), NodePath("Checkpoints/Halfway2"), NodePath("Checkpoints/Halfway1"), NodePath("Checkpoints/Halfway5"), NodePath("Checkpoints/Halfway6"), NodePath("Checkpoints/Halfway7"), NodePath("Checkpoints/Halfway8"), NodePath("FinishLine")]
track_path = NodePath("TrackPath")

[node name="WeatherController" parent="." unique_id=1277823175 instance=ExtResource("31_weather")]
time_of_day_hours = 13.239
selected_weather = 1
seasons = Array[ExtResource("3_jpwbr")]([SubResource("Resource_k6srj")])
startTime = 47660.4

[node name="TerrainGenerator" type="Node3D" parent="." unique_id=586341718 node_paths=PackedStringArray("track_path")]
script = ExtResource("7_gen")
track_layout_type = 2
level_prefix = "canyon"
no_water = true
no_grass = true
track_path = NodePath("../TrackPath")
terrain_resolution = 500
noise_frequency = 0.006
hill_height = 40.0
road_width = 15.0
road_y_offset = 0.4
curb_y_offset = 0.3
terrain_grass_count = 1000000
grass_visibility_range = 300.0
grass_material = SubResource("ShaderMaterial_grass")
road_material = SubResource("ShaderMaterial_asphalt")

[node name="Terrain_Visual" type="MeshInstance3D" parent="TerrainGenerator" unique_id=2045948636]
material_override = SubResource("ShaderMaterial_grass")
lod_bias = 10.0
mesh = ExtResource("10_lbtjd")

[node name="Unified_World_Collision" type="StaticBody3D" parent="TerrainGenerator" unique_id=1673791463]

[node name="@CollisionShape3D@51112" type="CollisionShape3D" parent="TerrainGenerator/Unified_World_Collision" unique_id=309747779]
shape = ExtResource("11_sm0fw")

[node name="Visual_Road" type="MeshInstance3D" parent="TerrainGenerator" unique_id=795201398]
material_override = SubResource("ShaderMaterial_urxhk")
mesh = ExtResource("15_8vqih")

[node name="Visual_Road_Sides" type="MeshInstance3D" parent="TerrainGenerator" unique_id=1263099561]
material_override = SubResource("StandardMaterial3D_k6srj")
mesh = ExtResource("16_3nnro")

[node name="Visual_Road_Sides_Collision" type="StaticBody3D" parent="TerrainGenerator/Visual_Road_Sides" unique_id=1728285166]

[node name="CollisionShape3D" type="CollisionShape3D" parent="TerrainGenerator/Visual_Road_Sides/Visual_Road_Sides_Collision" unique_id=2137500828]
shape = ExtResource("18_623mb")

[node name="Track_Collision" type="StaticBody3D" parent="TerrainGenerator" unique_id=425148302]

[node name="@CollisionShape3D@51113" type="CollisionShape3D" parent="TerrainGenerator/Track_Collision" unique_id=1979661017]
shape = ExtResource("17_r6i1u")

[node name="TrackPath" type="Path3D" parent="." unique_id=1030670243]
transform = Transform3D(1, 0, 0, 0, 1, 0, 0, 0, 1, 225.5877, 0, 211.63864)
curve = SubResource("Curve3D_track")

[node name="Players" type="Node3D" parent="." unique_id=1342420519]

[node name="FinishLine" parent="." unique_id=1647223077 instance=ExtResource("2_gate")]
transform = Transform3D(0.9999989, -7.6263464e-06, 0.0014801264, 0, 0.99998677, 0.005152428, -0.0014801461, -0.0051524225, 0.99998564, 226.04648, 0.5, 334.09988)
is_finish_line = true

[node name="PlayerSpawner" type="MultiplayerSpawner" parent="." unique_id=642896597]
_spawnable_scenes = PackedStringArray("uid://cart123")
spawn_path = NodePath("../Players")
spawn_limit = 6

[node name="ProjectileSpawner" type="MultiplayerSpawner" parent="." unique_id=642896598]
spawn_path = NodePath(".")

[node name="Checkpoints" type="Node3D" parent="." unique_id=342440943]

[node name="Halfway4" parent="Checkpoints" unique_id=409562182 instance=ExtResource("2_gate")]
transform = Transform3D(0.26288474, -0.047196623, -0.9636722, 0, 0.9988029, -0.04891717, 0.9648273, 0.012859577, 0.26257002, 532.7929, 9.137053, 77.42447)

[node name="Halfway3" parent="Checkpoints" unique_id=1076613409 instance=ExtResource("2_gate")]
transform = Transform3D(-0.49634928, 0.003867202, 0.86811435, 0, 0.99999017, -0.004454671, -0.86812294, -0.0022110727, -0.49634436, 397.5913, 1.9128026, -220.12872)

[node name="Halfway2" parent="Checkpoints" unique_id=760818968 instance=ExtResource("2_gate")]
transform = Transform3D(0.9392983, -0.016535379, 0.34270304, 0, 0.99883807, 0.04819381, -0.34310174, -0.04526836, 0.9382068, 84.16757, 3.5392408, -409.43314)

[node name="Halfway1" parent="Checkpoints" unique_id=970429380 instance=ExtResource("2_gate")]
transform = Transform3D(-0.81421167, 0.05545553, 0.5779135, 0, 0.9954276, -0.09551942, -0.5805681, -0.07777303, -0.8104888, -152.91351, 11.280256, -506.38834)

[node name="Halfway5" parent="Checkpoints" unique_id=409562185 instance=ExtResource("2_gate")]
transform = Transform3D(-0.9848683, -0.005533395, 0.17321622, 0, 0.9994902, 0.03192873, -0.17330457, 0.031445593, -0.9843662, -475.64215, 17.827732, -262.79187)

[node name="Halfway6" parent="Checkpoints" unique_id=1076613412 instance=ExtResource("2_gate")]
transform = Transform3D(-0.23745437, -0.02143317, -0.9711622, 0, 0.9997565, -0.022064239, 0.97139865, -0.00523925, -0.23739657, -142.34232, 18.032106, -62.98993)

[node name="Halfway7" parent="Checkpoints" unique_id=760818971 instance=ExtResource("2_gate")]
transform = Transform3D(-0.92574716, -0.07452937, -0.37072578, 0, 0.9803848, -0.19709302, 0.37814313, -0.18245831, -0.9075884, -210.858, 18.143555, 262.69354)

[node name="Halfway8" parent="Checkpoints" unique_id=970429383 instance=ExtResource("2_gate")]
transform = Transform3D(0.2830543, 0.0063464027, -0.95908296, 0, 0.99997824, 0.0066170124, 0.95910394, -0.0018729737, 0.2830481, 92.24298, 3.2173839, 508.6863)

[node name="SpawnPoints" type="Node3D" parent="." unique_id=1828684831]

[node name="Spawn1" type="Marker3D" parent="SpawnPoints" unique_id=2122960201]
transform = Transform3D(0.951004, -0.001483278, 0.30917498, 0, 0.9999885, 0.0047974805, -0.30917853, -0.004562423, 0.95099306, 224.86624, 1.028934, 340.78802)

[node name="SpawnIndicator" parent="SpawnPoints/Spawn1" unique_id=1080074891 instance=ExtResource("21_623mb")]

[node name="Spawn2" type="Marker3D" parent="SpawnPoints" unique_id=1972327870]
transform = Transform3D(0.951004, -0.001483278, 0.30917498, 0, 0.9999885, 0.0047974805, -0.30917853, -0.004562423, 0.95099306, 230.57227, 1.028934, 338.93295)

[node name="SpawnIndicator" parent="SpawnPoints/Spawn2" unique_id=363980654 instance=ExtResource("21_623mb")]

[node name="Spawn3" type="Marker3D" parent="SpawnPoints" unique_id=1129303309]
transform = Transform3D(0.9242142, -0.0018070086, 0.38187036, 0, 0.9999889, 0.004731942, -0.38187465, -0.004373328, 0.9242038, 227.05702, 1.0574954, 346.62204)

[node name="SpawnIndicator" parent="SpawnPoints/Spawn3" unique_id=1066203101 instance=ExtResource("21_623mb")]

[node name="Spawn4" type="Marker3D" parent="SpawnPoints" unique_id=472424377]
transform = Transform3D(0.9242142, -0.0018070086, 0.38187036, 0, 0.9999889, 0.004731942, -0.38187465, -0.004373328, 0.9242038, 232.60234, 1.0574954, 344.33087)

[node name="SpawnIndicator" parent="SpawnPoints/Spawn4" unique_id=2145447890 instance=ExtResource("21_623mb")]

[node name="Spawn5" type="Marker3D" parent="SpawnPoints" unique_id=1940635872]
transform = Transform3D(0.8925825, -0.0021044717, 0.45087928, 0, 0.9999892, 0.004667433, -0.45088416, -0.004166069, 0.8925728, 229.68718, 1.0856578, 352.26556)

[node name="SpawnIndicator" parent="SpawnPoints/Spawn5" unique_id=1656000651 instance=ExtResource("21_623mb")]

[node name="Spawn6" type="Marker3D" parent="SpawnPoints" unique_id=2064422551]
transform = Transform3D(0.8925825, -0.0021044717, 0.45087928, 0, 0.9999892, 0.004667433, -0.45088416, -0.004166069, 0.8925728, 235.04266, 1.0856578, 349.56024)

[node name="SpawnIndicator" parent="SpawnPoints/Spawn6" unique_id=814680942 instance=ExtResource("21_623mb")]
